P-0001Edge_Source:[0, 0, 1, 1, 2, 2]
P-0001Edge_Target:[1, 2, 0, 2, 0, 1]
P-0001Elu_dist:[0.0, 3.8417711048590366, 5.983730046413029, 3.8417711048590366, 0.0, 3.8246436345760757, 5.983730046413029, 3.8246436345760757, 0.0]
P-0001Cosine_Dist:[0.9999999971755882, 0.9948593280795245, 0.9867427625068048, 0.9948593280795245, 1.0000000334668668, 0.9949094374511411, 0.9867427625068048, 0.9949094374511411, 1.0000000014126689]
P-0001CA_Coord:[array([ -2.951,  -9.103, -35.483], dtype=float32), array([  0.131,  -7.233, -36.811], dtype=float32), array([  3.029,  -9.304, -35.418], dtype=float32)]
P-0001Edge_Source:[0, 0, 1, 1, 2, 2]
P-0001Edge_Target:[1, 2, 0, 2, 0, 1]
P-0001Elu_dist:[0.0, 3.8417711048590366, 5.983730046413029, 3.8417711048590366, 0.0, 3.8246436345760757, 5.983730046413029, 3.8246436345760757, 0.0]
P-0001Cosine_Dist:[0.9999999971755882, 0.9948593280795245, 0.9867427625068048, 0.9948593280795245, 1.0000000334668668, 0.9949094374511411, 0.9867427625068048, 0.9949094374511411, 1.0000000014126689]
P-0001CA_Coord:[array([ -2.951,  -9.103, -35.483], dtype=float32), array([  0.131,  -7.233, -36.811], dtype=float32), array([  3.029,  -9.304, -35.418], dtype=float32)]
P-0001Edge_Source:[0, 0, 1, 1, 2, 2]
P-0001Edge_Target:[1, 2, 0, 2, 0, 1]
P-0001Elu_dist:[0.0, 3.8417711048590366, 5.983730046413029, 3.8417711048590366, 0.0, 3.8246436345760757, 5.983730046413029, 3.8246436345760757, 0.0]
P-0001Cosine_Dist:[0.9999999971755882, 0.9948593280795245, 0.9867427625068048, 0.9948593280795245, 1.0000000334668668, 0.9949094374511411, 0.9867427625068048, 0.9949094374511411, 1.0000000014126689]
P-0001CA_Coord:[array([ -2.951,  -9.103, -35.483], dtype=float32), array([  0.131,  -7.233, -36.811], dtype=float32), array([  3.029,  -9.304, -35.418], dtype=float32)]
P-0001Edge_Source:[0, 0, 1, 1, 2, 2]
P-0001Edge_Target:[1, 2, 0, 2, 0, 1]
P-0001Elu_dist:[0.0, 3.8417711048590366, 5.983730046413029, 3.8417711048590366, 0.0, 3.8246436345760757, 5.983730046413029, 3.8246436345760757, 0.0]
P-0001Cosine_Dist:[0.9999999971755882, 0.9948593280795245, 0.9867427625068048, 0.9948593280795245, 1.0000000334668668, 0.9949094374511411, 0.9867427625068048, 0.9949094374511411, 1.0000000014126689]
P-0001CA_Coord:[array([ -2.951,  -9.103, -35.483], dtype=float32), array([  0.131,  -7.233, -36.811], dtype=float32), array([  3.029,  -9.304, -35.418], dtype=float32)]
